music_volume=0.29015544
sound_volume=0.27979276
show_fps=false
