music_volume = 0.9896373
sound_volume = 0.9896373
