music_volume = 0.047356956
sound_volume = 0.04998795
