music_volume = 0.08419017
sound_volume = 0.046632126
