music_volume=0.28940374
sound_volume=0.28940374
show_fps=true
