music_volume = 0.06994819
sound_volume = 0.08290155
