music_volume = 0.07253886
sound_volume = 0.020725388
