music_volume = 0.08031088
sound_volume = 0.17364225
