music_volume = 0.2746114
sound_volume = 0.27720207
