music_volume = 0.14733286
sound_volume = 0.13680904
